[savedsearches/gen_avotx_domains]
version = 7.2.0
modtime = 1547203199.744600000

[lookups/avotx_ipv4.csv]
version = 7.2.0
modtime = 1547215175.118794000
